0.5052
0.4317
0.4168
0.6043
0.5945
0.4018
0.433
0.3861
0.4255
0.5962
0.5
0.4348
0.426
0.4117
0.5922
0.5819
0.4026
0.4029
0.412
0.8047
0.599
0.4207
0.4228
0.4026
0.4025
0.4035
0.4063
0.4043
0.4215
0.7828
0.6287
0.4372
0.8059
0.4035
0.343
0.4225
0.4278
0.396
0.4073
0.4963
0.4032
0.6264
0.4163
0.4117
0.4092
0.6244
0.6329
0.4103
0.6009
0.6073
0.4824
0.4227
0.4193
0.4867
0.2985
0.5954
0.4321
0.4116
0.5973
0.4059
0.5801
0.4139
0.4385
0.3992
0.602
0.5701
0.6071
0.4189
0.3973
0.4062
0.6654
0.4097
0.4
0.6339
0.6005
0.4278
0.405
0.5896
0.4259
0.4039
0.7964
0.6793
0.4154
0.5986
0.5912
0.4387
0.4203
0.401
0.4174
0.4313
0.6187
1
0.7964
0.4052
0.614
0.4143
0.4033
0.4188
0.416
0.4024
0.6525
0.4082
0.4505
0.6697
0.5699
0.6312
0.3467
0.5049
0.599
0.3389
0.6218
0.4253
0.4153
0.432
0.3999
0.614
0.4074
0.8445
0.6005
0.4211
0.5029
0.6044
0.5974
0.5953
0.6069
0.687
0.5971
0.6227
0.4061
0.3443
0.7881
0.4167
0.3842
0.5705
0.4072
0.6027
0.4243
0.3851
0.4063
0.5867
0.3936
0.6006
0.6156
0.8089
0.5225
0.4124
0.5862
0.6045
0.4309
0.7929
0.5031
0.4159
0.4102
0.3961
0.4074
0.5729
0.8042
0.5823
0.5709
0.426
0.425
0.6
0.6015
0.43
0.805
0.6122
0.6197
0.7967
0.3945
0.5844
0.4199
0.5167
0.3992
0.3906
0.4112
0.6022
0.786
0.5888
0.6075
0.41
0.5144
0.3837
0.4222
0.4069
0.408
0.4405
0.4075
0.4227
0.5934
0.4314
0.8133
0.6197
0.4048
0.3934
0.3879
0.4011
0.6127
0.6035
0.6289
0.6079
0.6075
0.419
0.396
0.4307
0.5048
0.6026
0.4057
0.4103
0.4142
0.4071
0.6199
0.5851
0.6429
0.4082
0.605
0.4134
0.3691
0.6151
0.4098
0.5844
0.6001
0.4201
0.516
0.3994
0.6311
0.4093
0.4218
0.5807
0.4227
0.6006
0.3987
0.2591
0.4297
0.4225
0.4012
0.4308
0.4108
0.3574
0.4
0.6095
0.4492
0.4186
0.6518
0.7855
0.4082
0.5208
0.4056
0.5
0.5971
0.3344
0.4132
0.6142
0.3992
0.3994
0.3993
0.5993
0.6123
0.5968
0.5893
0.3948
0.4059
0.5985
0.6149
0.223
0.6117
0.418
0.401
0.6022
0.4007
0.3973
0.4225
0.4076
0.4106
0.6361
0.4006
0.6079
0.6132
0.4009
0.4009
0.4054
0.4093
0.6216
0.382
0.4109
0.6328
0.6322
0.39
0.8021
0.4084
0.4116
0.408
0.4218
0.4406
0.3924
0.413
0.5994
1
0.7698
0.6146
0.9356
1
1
1
0.9612
0.8262
0.9657
1
0.9596
1
0.7466
1
0.788
1
0.9242
0.89
0.8364
1
1
0.6994
0.9637
1
0.965
1
0.964
0.8563
0.9663
0.7244
1
0.9589
0.9662
1
1
0.9182
1
0.8851
1
0.8515
0.6159
0.5989
0.7957
1
1
0.8306
1
0.5087
1
0.6099
1
1
0.4293
1
0.42
0.658
0.3983
0.6254
0.6229
1
0.4297
0.5374
0.6098
0.6146
0.4255
0.4114
0.6124
0.3639
0.8203
0.7996
0.7897
0.8055
1
0.4069
0.413
0.6379
0.5833
0.4075
0.6122
1
1
1
1
0.8052
1
0.6006
0.6343
0.6799
0.5842
0.5958
0.4243
0.5842
0.6017
0.803
0.7875
1
0.6131
1
0.5969
0.8273
1
0.589
0.6077
1
1
1
0.6128
0.7917
1
0.816
0.8526
0.6044
1
0.7795
1
1
1
0.6691
0.5918
0.6038
1
0.8363
0.8262
1
0.4048
0.6077
1
1
1
0.788
1
0.592
0.5955
1
0.8136
0.4277
0.769
1
1
0.4077
1
1
0.8301
0.6004
0.4174
1
1
0.3958
0.8275
0.4282
0.6001
1
0.8254
1
1
0.5789
0.5113
0.6008
0.4282
0.592
0.4556
1
1
0.5154
1
0.8053
0.6133
1
1
0.365
0.4102
0.5722
0.8225
0.8574
1
0.8006
0.7914
0.6238
1
0.8019
0.4278
0.6925
0.6888
0.5924
0.6154
0.7979
0.8118
0.5914
0.7898
1
1
0.7936
1
1
0.796
0.8052
0.7946
1
1
0.5992
0.6433
1
0.5973
0.5207
0.8216
0.8031
1
1
1
1
0.6269
0.4164
0.5088
0.8234
0.6104
1
0.7985
0.8379
1
0.6202
0.4335
1
1
1
0.8
1
1
0.6025
1
0.8209
0.5955
0.614
0.7866
1
0.8166
0.8088
0.7984
0.7585
0.5816
0.7983
0.6927
0.821
1
0.6069
0.8345
0.8362
1
0.5876
1
0.4122
0.8021
1
0.7656
0.803
0.4062
1
1
0.6064
1
0.403
0.7915
1
0.6071
0.7995
1
1
0.6104
0.8003
1
1
1
1
0.7335
0.8071
0.5957
0.8354
0.7939
0.8046
0.792
1
0.8098
1
1
0.6034
1
0.5116
1
0.8186
0.5947
0.7898
0.8014
0.7916
0.523
1
0.6139
1
0.4084
0.7903
1
0.5923
1
1
1
0.6133
0.5177
0.5955
1
1
0.7473
0.8078
1
0.5798
0.2744
0.8292
1
0.6151
1
1
0.7873
1
0.6101
0.603
0.7925
0.6207
1
1
0.7821
1
1
0.8254
0.5894
0.4186
0.6409
0.4039
0.3835
0.2108
1
1
1
0.7964
1
0.8297
0.8337
0.5888
0.7761
1
0.6081
1
0.8315
1
0.8084
1
1
0.6028
1
0.8299
1
0.816
0.6268
0.7788
0.6095
0.3977
0.8268
1
0.7131
1
0.4857
1
0.405
0.8594
0.4181
1
0.7858
1
1
0.8009
0.632
1
0.7346
0.7539
1
1
0.8463
0.6083
0.7939
0.6262
0.6316
1
0.8072
0.8055
0.4177
1
1
0.6081
0.6134
0.6533
0.6102
0.6321
0.5033
0.7229
0.697
1
1
0.6291
0.7947
1
1
0.6206
0.5986
0.8197
0.6191
0.3666
1
1
0.4218
0.4106
0.3968
1
1
0.8073
1
1
1
0.5927
0.7989
0.7876
0.6136
0.7912
1
0.5036
0.5951
0.4074
1
0.5875
0.787
0.6081
0.6028
0.82
0.608
1
0.7908
0.611
0.8034
0.8023
1
0.611
0.8046
0.4032
0.8184
0.6601
1
1
0.586
0.6067
0.3452
1
1
0.5981
0.8384
0.5992
0.5226
1
0.7031
0.4136
1
1
1
1
0.5957
0.79
0.7981
1
0.6122
1
0.7749
1
0.8012
0.8036
0.5968
0.7908
0.6019
1
0.8049
0.413
0.7991
0.8018
0.8539
0.8198
1
0.8261
0.5915
1
0.8343
0.8198
0.4466
0.798
0.802
0.4054
0.8254
0.4102
0.8081
0.6237
0.626
1
0.589
0.4032
1
1
0.5991
0.35
0.818
1
0.6001
0.6196
0.8027
0.8004
0.8008
0.7969
1
1
0.424
1
1
1
1
0.8185
0.8045
0.8131
0.8009
1
0.8693
1
0.7833
0.4108
0.808
1
1
0.4048
1
0.6197
0.7959
0.6076
0.7815
0.8011
1
1
0.8352
0.3889
0.4154
0.6017
0.4339
0.612
1
0.8045
0.7978
0.496
0.6025
1
1
1
0.7969
1
0.4424
0.7963
0.802
0.8239
0.8151
1
0.8052
1
1
0.8021
1
0.6022
1
1
0.8218
0.8275
0.7446
0.8019
0.6117
0.6096
0.4171
1
0.6174
0.5673
1
0.6234
0.3767
1
1
0.8239
1
1
0.611
0.6563
0.434
0.4143
0.4119
0.8201
0.5
0.6722
1
1
0.494
0.8114
0.8192
1
0.8203
0.5865
0.6217
0.3431
0.6039
0.6454
1
1
0.5169
0.6036
0.8091
1
0.7511
1
0.7674
0.6183
0.8001
0.6346
1
0.7986
0.4254
0.4516
1
0.8225
0.599
0.7895
0.3939
0.5068
1
1
0.6169
0.791
1
0.4982
1
0.4307
1
0.6136
0.3506
1
0.742
0.5144
0.4185
0.6102
1
1
1
0.4064
1
1
0.8288
0.6198
0.5954
1
0.8018
0.7945
0.7982
0.2107
1
1
0.6362
0.7902
0.6244
0.7989
1
0.8051
1
0.4314
0.792
1
0.385
1
0.5913
0.8058
0.8077
0.6369
0.6324
0.3972
1
0.7859
1
0.6055
0.6886
0.3977
0.8007
0.4023
0.8083
0.4047
1
0.5991
1
1
0.5993
0.5794
0.5838
0.4064
1
0.6419
1
1
1
0.4158
1
1
1
0.6009
0.5927
0.6078
0.6035
0.6499
0.8151
1
0.6529
0.4067
1
0.6237
0.7888
0.5802
1
1
0.5047
1
1
1
0.6024
1
0.5985
0.8154
0.4253
0.8087
0.599
0.8301
0.6106
1
0.7925
1
0.5962
1
0.6133
0.6791
0.4058
0.6087
0.8085
0.7895
1
1
1
1
0.7871
1
1
1
1
0.7931
0.5918
0.7975
0.7904
1
0.7866
1
0.2121
1
0.5839
0.5915
0.8188
1
1
0.6331
1
0.8387
0.4278
1
0.3967
0.4861
1
0.8
1
0.6278
0.5685
0.797
1
1
0.7912
0.3889
0.4097
0.6183
0.6091
1
0.8187
1
0.7867
0.617
1
1
0.6246
0.8268
0.8168
0.7929
0.6013
0.823
0.6157
0.7964
0.8167
0.7861
0.5877
1
1
1
0.6119
0.6123
1
0.6288
0.8552
1
0.8543
0.4226
0.6311
0.6067
0.5267
0.6077
1
0.8201
0.817
0.6042
0.8169
1
0.7955
0.4347
1
0.8049
0.7936
1
0.5999
0.6105
0.4129
0.6184
0.797
1
1
0.8006
1
1
0.6122
0.5921
0.5988
1
1
0.6021
1
1
0.604
1
0.8088
0.5959
0.4827
0.6248
1
0.5848
0.8005
0.6175
1
1
0.8052
1
0.6027
0.7944
0.5985
0.5961
0.5762
0.5726
0.4183
0.568
0.7984
0.8131
0.8198
0.604
1
0.5105
0.5082
0.4283
1
0.4172
0.7872
0.5989
0.6
0.3965
1
0.5995
0.4316
1
0.8
0.8157
0.805
0.4313
0.8058
0.8055
0.406
0.8455
0.7976
0.6443
0.604
0.6222
0.4495
0.6182
1
1
0.6052
1
0.8301
0.6007
1
0.8164
0.8627
0.4063
1
1
0.414
1
0.5602
1
0.401
0.8113
1
0.8734
1
1
1
0.8
0.5833
0.8
1
0.4034
0.6092
0.798
0.6022
1
0.8042
1
0.8146
0.7941
0.4096
0.6021
1
0.5925
1
0.7945
1
0.8415
1
1
0.4299
0.8066
0.8032
0.5829
0.4435
0.4082
0.3906
0.4001
1
0.5774
1
0.5922
0.3976
0.8308
0.8268
0.611
0.7927
0.8131
0.5901
0.6233
1
1
0.4238
0.4947
0.7855
0.4102
0.4163
0.4148
0.8028
1
0.4017
1
0.6008
0.6212
0.4079
1
1
0.5814
0.6176
0.5092
0.4295
1
1
0.4359
0.4182
0.5918
0.8168
1
0.6722
0.8286
0.5885
0.8058
1
1
0.7893
0.4896
1
0.5923
0.6332
0.81
0.7991
0.8204
0.6519
0.8381
1
0.626
0.4122
0.4147
0.8037
0.6212
1
0.8207
0.8045
0.8182
1
0.7918
0.7997
0.7895
0.4247
0.4186
0.6238
0.8062
0.4006
0.6067
0.8025
0.847
1
0.7978
1
0.8067
0.6214
0.804
0.8413
1
0.3873
0.4152
0.7883
0.5904
0.3917
0.3986
1
0.6234
0.8246
0.7916
0.7933
0.6164
0.6078
0.6642
0.8064
1
0.5071
1
1
0.6557
0.7845
0.7362
1
1
1
1
0.8126
0.7861
1
1
1
1
1
1
0.8039
0.7895
0.4139
1
0.5939
0.7907
0.6014
1
0.6213
0.4046
0.6223
1
1
1
1
0.8053
0.6387
1
0.6236
0.3793
0.4138
1
1
1
0.7956
0.5965
1
0.4281
0.59
0.8054
1
0.8044
0.4178
0.7963
0.4112
0.6055
1
0.5969
0.4937
0.8235
1
0.3941
0.5462
0.3541
1
1
0.6009
0.769
1
0.399
1
0.6
0.6024
0.4122
1
1
0.5882
0.813
0.6081
1
0.3965
1
0.8325
1
0.4168
0.5823
0.8051
1
0.8459
0.6156
1
1
0.4066
0.8163
1
0.6052
0.4217
0.3972
0.6096
1
1
1
0.4312
1
0.6827
0.5954
0.7959
0.795
1
0.6187
0.6089
0.6055
1
0.6724
0.6159
0.3987
0.8117
1
0.8055
1
0.6294
0.7861
0.505
0.4045
0.8028
0.5395
0.8139
1
1
0.4128
0.6145
0.5327
0.7185
0.4927
0.8002
0.5985
0.4003
0.4157
1
0.804
0.782
1
1
0.7958
0.8087
0.801
0.5515
0.6259
0.4337
0.4225
0.7854
1
1
1
0.7983
0.5851
0.6019
0.5094
0.7887
1
0.3893
0.4021
1
0.5794
1
0.8298
0.5974
0.788
0.8045
0.8151
0.6091
0.6151
1
1
0.7889
0.8178
0.3977
0.4986
0.8033
0.6157
0.5978
0.783
1
0.8
0.6211
1
1
0.8165
0.7967
0.4126
0.6645
0.7921
1
0.4145
1
0.8306
0.5
0.7883
1
0.6014
0.6513
1
0.6277
0.7949
0.7921
0.4241
0.8164
0.823
0.3981
1
1
1
0.8016
1
1
1
0.5687
0.4103
0.4082
0.5934
1
0.6089
0.3936
0.8435
0.6457
1
0.4864
1
0.6018
1
1
0.5999
1
0.8158
1
0.4209
1
0.7865
0.6112
1
0.5939
0.5952
0.6709
0.602
0.6355
0.6272
1
0.778
0.7995
0.5912
0.7971
1
0.7911
0.6144
0.5899
0.6196
0.4278
0.6265
0.4167
1
0.4956
1
0.5814
0.83
1
0.5918
1
1
0.3962
0.4204
0.4235
0.8069
0.3868
0.7954
0.4
0.603
0.8341
1
1
0.6052
0.7923
0.6081
0.8045
1
1
0.8294
0.4317
0.4332
0.6035
1
0.8017
0.5139
1
0.4407
1
0.7986
0.831
1
1
0.8044
0.5888
0.5905
0.6078
0.5771
0.4386
1
1
0.5321
0.6074
1
0.404
0.4019
0.7875
0.7931
0.574
0.3972
0.8301
0.6089
1
0.7875
0.5925
0.7873
0.5862
0.8024
0.8127
0.6159
1
0.7937
1
0.5781
0.428
1
0.5241
0.8042
0.8024
0.6058
1
1
0.8125
0.418
0.6381
1
0.5346
0.4029
0.6122
0.6648
0.6066
1
1
1
0.5223
1
1
0.7852
0.8024
1
1
0.5807
1
0.6241
1
0.8032
0.7907
0.5716
0.4103
0.5981
1
1
0.8098
0.5833
0.789
0.4203
1
0.3994
1
0.7894
1
0.8044
0.397
0.5888
0.4322
1
0.7954
1
0.5834
0.6062
1
0.7948
1
0.6045
0.4182
0.797
1
1
1
0.5789
0.4052
1
0.6091
0.794
1
1
0.6157
0.5755
0.8004
0.8071
0.7876
0.7962
0.6186
0.3911
1
1
0.7761
0.7866
0.6214
0.5
0.5955
1
1
0.6035
1
1
0.5964
0.815
1
0.7982
0.3828
0.7837
0.6204
0.2619
0.8019
1
0.408
0.8203
0.7967
0.4375
0.4027
0.7825
0.8137
0.807
1
0.4028
0.8344
0.5854
1
0.6006
0.8022
0.6021
1
1
0.81
0.7978
1
0.4281
0.6126
1
0.8045
1
0.4047
1
0.8299
0.5797
0.5948
1
1
0.8064
0.8102
0.6
0.7904
1
1
0.6081
0.4132
1
1
0.4247
0.4077
0.7876
1
0.5932
1
1
0.5882
1
0.5979
0.5683
0.4105
0.8067
0.8
0.5918
0.8015
0.4093
0.8382
0.598
1
1
1
1
0.8017
0.4156
0.4041
0.6126
0.4368
0.8063
1
0.3955
1
0.8121
1
0.3543
0.8091
1
1
0.6065
0.6094
0.6153
0.5927
0.6111
1
0.5986
1
1
0.6357
0.8226
1
0.3981
0.4177
0.8164
0.6066
1
1
0.7408
0.6134
0.5941
1
1
0.8223
0.625
0.5668
0.5904
1
0.5805
0.4072
0.8207
1
1
1
0.8335
1
0.6053
0.4094
0.6235
0.6164
0.8219
0.4099
0.7814
0.7669
0.635
1
1
0.4317
0.4734
0.7477
0.6126
0.7581
1
1
1
0.8118
0.612
0.8142
0.424
0.8031
1
0.6245
1
0.406
0.809
0.5949
1
0.4074
0.7988
0.5768
0.7316
1
0.8649
0.8751
0.9046
0.9225
1
1
1
1
0.8007
0.7999
0.8142
0.8915
0.7605
1
0.8768
0.8006
0.9636
0.9593
0.8069
0.8533
1
0.9266
1
1
1
0.8018
0.4012
0.8453
0.5044
0.5716
1
0.6435
1
0.5958
0.7962
1
0.5755
1
0.8113
0.8183
0.5907
0.8056
1
0.8016
1
0.5987
1
1
1
1
0.6105
1
0.771
1
0.799
0.8281
0.5784
0.5132
0.6175
1
0.8058
1
0.8245
0.7983
0.5982
0.5937
1
1
1
0.4142
1
0.5661
0.8341
0.4263
0.7978
0.5997
0.64
0.4792
0.5464
0.6153
0.8342
0.7805
0.6077
1
0.8334
0.8101
0.6157
1
0.7615
0.4066
1
0.7953
1
0.7944
0.6173
0.7882
0.6058
0.5808
0.4396
0.9216
1
0.8663
0.5832
0.4091
0.7808
0.6615
1
0.61
0.604
1
0.3982
0.612
0.8218
1
1
0.3968
1
0.3888
1
0.4938
0.5668
1
0.3956
0.3932
0.4039
0.8046
0.603
0.8332
0.5982
0.8304
0.7984
1
1
0.6052
0.8126
0.7517
0.8259
1
1
1
1
1
1
0.7788
1
0.7828
1
0.8104
0.7948
0.7944
1
1
0.8014
1
1
0.487
0.6253
0.5967
0.5833
0.5901
0.5767
1
0.7882
0.7828
0.813
1
0.6102
1
0.786
0.7808
0.7923
1
0.5861
0.8082
1
1
1
0.5844
0.6338
0.3533
1
0.4038
0.7942
0.5688
0.5821
0.8039
0.811
0.526
1
1
0.4949
0.4183
1
0.7926
0.6073
0.6231
0.4167
0.5782
1
1
0.5678
1
0.4128
0.8295
1
1
0.7703
1
0.8327
1
1
0.8344
0.6008
0.7526
0.4037
1
0.8007
0.7966
0.5172
0.5775
1
1
0.5889
0.7962
0.6018
0.8108
0.763
0.5938
0.798
0.3824
0.7994
0.8033
0.4172
1
0.8645
0.7997
0.4073
0.8
0.8015
0.5927
1
1
1
0.3506
1
0.4164
0.8139
0.5822
0.7949
0.7915
0.5866
0.8021
0.2135
0.8657
0.7876
1
0.5774
0.7898
0.612
1
0.8521
0.7926
1
0.4103
0.6166
0.4142
0.8098
0.4159
1
0.8207
0.4123
1
0.8105
1
0.6175
0.615
1
0.813
1
0.779
0.6068
1
1
0.4025
0.4932
0.3901
1
0.5776
0.7974
1
1
0.5766
0.7552
0.6127
0.5867
0.6197
0.7633
0.6024
1
1
0.8051
0.7904
0.6016
0.8069
0.5894
1
0.5897
0.7895
0.8287
0.8037
0.8182
0.4022
1
0.798
1
0.5969
0.5964
0.4087
1
0.6156
0.4034
0.8249
1
1
0.7975
0.6186
1
0.6316
0.7931
0.7837
0.7892
0.8038
1
0.5725
1
0.5798
1
1
0.8059
0.4032
1
0.5326
1
1
0.5057
0.8009
0.5162
0.7895
0.5333
0.5931
0.377
0.5763
1
0.5858
0.845
1
1
0.4886
0.794
0.8153
0.8186
0.7998
0.6
0.529
1
0.6258
1
0.4321
1
1
0.599
0.8344
1
0.6122
0.7886
1
0.4063
1
1
0.7938
0.8151
1
0.5914
0.8037
0.7949
0.6135
0.8268
0.5414
1
0.819
0.8235
0.6327
1
1
0.4184
1
1
1
0.3952
0.5952
1
0.5913
0.6031
0.7967
1
0.6036
0.6693
1
0.5997
0.6642
0.6189
0.6343
1
1
0.4066
1
1
0.813
0.5292
1
0.4168
1
0.8708
0.6048
0.6027
1
1
1
1
1
1
0.7976
0.6169
1
0.6351
0.6157
0.7918
0.8139
0.5876
1
0.4669
0.6004
0.6267
0.7586
0.582
0.624
0.7809
0.2527
1
0.8229
0.734
0.6042
1
0.6287
0.3844
0.7391
1
1
0.8335
1
0.6139
0.8088
1
0.4137
0.5728
0.7916
1
1
0.5271
1
0.5882
1
0.7521
0.8085
1
1
1
0.4252
0.7898
1
0.4041
1
0.8125
0.6098
1
0.6066
0.5803
0.8127
0.7922
1
0.8065
1
1
0.7958
0.6189
0.5868
1
1
1
1
0.599
0.8067
1
0.5992
0.7906
1
0.6144
0.4339
0.7816
1
1
0.5992
0.5969
0.391
0.8204
0.8435
1
0.597
0.4146
0.4829
0.4088
1
0.8069
0.6262
1
0.6017
0.6056
0.4065
0.6064
0.4131
0.6277
1
1
0.8527
0.607
0.7887
1
0.8112
0.394
0.6117
1
1
1
1
1
1
0.5795
0.638
0.785
1
0.6114
0.4233
0.8233
0.5777
0.5977
1
1
0.6116
1
1
0.4786
1
1
0.6015
1
0.6063
1
1
0.3899
1
1
0.3808
1
1
0.577
0.6046
1
0.7856
0.6025
1
0.788
0.8222
0.5979
1
0.4264
1
0.7312
1
1
1
0.8
0.5803
1
1
0.4327
1
0.6047
1
0.6135
0.5902
1
0.7913
0.406
1
1
1
0.5788
0.3929
0.8149
1
1
0.6156
0.6177
0.4243
1
1
0.5982
0.6441
0.8367
0.4044
1
0.5965
0.5846
0.8376
0.804
0.6083
0.785
1
1
1
1
0.8143
0.6054
0.8048
0.4105
0.7382
1
0.5712
1
0.401
1
0.5854
0.5808
0.5947
1
0.4122
0.7915
1
0.8034
0.5629
1
0.5917
1
0.5904
1
0.6115
1
1
1
0.5423
0.8025
0.8029
1
0.5176
0.4186
1
0.362
0.8076
1
1
1
0.8245
0.6104
0.7863
1
1
1
0.8155
0.6132
1
0.4063
1
1
0.4206
1
0.5789
1
0.7871
0.7531
0.4356
1
0.5811
0.8307
0.6103
0.5958
1
1
1
0.4852
1
1
1
0.7976
1
0.7976
0.4123
1
0.6144
1
1
1
0.601
1
0.5814
0.5999
1
1
1
0.3997
0.6164
0.4089
0.5833
0.8262
1
0.5792
0.4122
0.4144
1
0.5817
1
0.7926
0.5938
1
1
0.3967
0.807
0.5932
1
0.8973
0.4141
1
0.6014
1
1
1
1
0.585
1
0.6169
0.589
0.8089
0.8083
0.5721
0.6069
0.6469
0.7688
0.6397
1
0.3984
0.8186
0.8014
0.7824
1
1
0.8234
0.5976
0.5046
0.7865
1
0.493
0.8127
1
1
1
1
1
0.7956
0.6113
1
0.574
0.5964
0.4007
0.5921
1
1
0.4037
1
0.7994
0.5877
1
0.8437
1
0.6141
0.5985
0.5981
0.4995
1
1
0.6156
0.8447
1
0.8021
0.7849
0.8234
0.6133
0.5913
0.4108
0.5583
1
0.826
1
0.8049
1
0.3922
0.7469
1
0.5
1
0.6119
0.5758
0.5996
1
0.4031
0.786
1
0.4032
1
0.7943
1
0.5784
0.531
0.4006
0.6269
1
0.4105
0.7396
1
0.8131
0.8024
1
0.5846
0.8291
0.7886
1
0.4843
1
1
1
0.6047
0.6013
1
0.8069
1
0.4049
1
1
0.8278
1
0.5659
0.4115
1
0.6156
0.5868
0.8555
1
1
0.8119
1
0.399
1
0.6113
0.7898
1
1
0.5413
0.7845
1
1
0.5944
0.3983
0.8006
1
0.3874
0.4109
0.3976
0.6006
0.7248
0.8045
0.4736
0.7926
0.6038
0.5855
1
0.7799
1
1
1
0.8185
0.8041
1
0.8038
0.6041
0.8038
1
1
1
0.6008
0.3986
0.8004
0.6083
0.4045
1
0.3851
1
0.404
0.799
0.602
1
1
1
1
0.602
0.3594
1
1
0.3829
1
0.828
0.8441
0.6018
0.703
0.7961
1
0.5085
0.8114
0.4055
0.6155
1
0.5858
0.8061
0.6329
1
0.4077
0.7465
0.6347
0.8125
0.793
0.6366
1
0.8086
1
0.7868
0.6009
0.6076
1
0.6351
0.8076
1
1
0.4025
0.6001
0.7839
1
1
0.5882
1
1
0.8005
0.7896
0.6
0.6025
1
0.6557
1
1
0.6127
0.7933
0.5768
1
1
1
0.7848
0.5562
0.6008
1
0.7558
0.4723
0.5285
1
0.8127
0.6636
0.7902
1
1
0.5795
0.7988
1
1
0.5697
1
0.4133
0.4115
0.7954
0.7886
0.5873
1
0.4167
0.2285
1
0.411
0.7961
0.3904
0.7915
1
1
0.5918
1
1
0.6195
0.7963
1
0.5825
0.6143
1
1
1
1
1
1
0.4871
0.6164
0.8133
1
1
1
1
0.415
0.7519
0.7977
0.4348
0.6521
1
1
0.5926
1
1
1
1
0.6189
0.809
1
0.5954
0.3524
0.4135
0.8021
0.7926
0.8175
0.4065
0.4226
1
0.5989
0.8007
1
0.5966
0.5894
0.5808
1
1
0.3851
0.8018
0.604
0.4038
1
0.5202
0.6122
0.3966
0.5678
1
0.4199
0.5814
1
1
0.6095
1
1
1
1
0.8111
0.6301
1
1
0.6066
1
0.6019
0.5938
0.8267
1
0.573
0.8223
1
0.4044
0.3845
0.7957
1
1
1
1
0.3987
1
0.5962
1
0.4086
0.5916
0.7972
0.4027
1
1
1
1
1
0.579
0.5775
0.7912
0.7965
0.5874
0.416
1
0.8029
0.4158
0.74
0.6227
0.514
0.6199
0.791
1
0.5633
0.6089
0.5943
1
0.5867
0.5872
0.884
0.6075
0.6071
1
0.7917
0.8206
1
1
0.5015
1
0.7971
1
0.4177
0.7888
0.5849
1
1
0.6157
0.4074
0.5924
0.7465
0.4104
1
1
1
1
1
1
0.8252
0.8296
1
0.6283
0.7954
1
1
0.4031
1
1
1
0.7366
0.791
0.6263
0.6003
0.6199
1
0.4219
0.6073
0.5911
0.8055
0.412
1
0.6078
0.4011
0.4128
1
1
1
1
0.4395
1
0.4252
1
0.4259
0.8122
1
0.5877
1
1
0.6705
0.7927
0.7844
0.8259
0.8111
1
1
0.819
0.6038
0.4018
0.3964
0.7364
0.397
0.4207
0.8052
0.5842
1
1
0.6146
1
1
0.4184
0.8373
0.5832
0.3901
0.7914
0.8215
0.7983
1
1
0.3385
0.8149
1
0.4068
1
1
0.7963
0.5479
0.7559
0.7937
0.5869
0.6023
1
0.8367
1
1
1
0.7909
0.6022
1
0.6027
1
1
0.5916
0.8167
0.5957
0.4091
0.4065
0.7791
0.7859
1
0.7918
1
0.3943
0.368
1
1
1
0.5971
0.7871
1
1
0.4127
1
0.7844
0.6895
0.8046
0.5935
1
0.7956
0.8018
1
0.5273
1
0.8064
1
0.6012
1
0.5825
0.6372
0.6081
0.813
1
1
0.8232
0.6069
0.832
0.5937
1
0.596
1
0.8503
0.5939
1
0.4182
0.6084
0.4075
1
0.7883
1
0.4025
1
1
1
1
0.7996
1
1
1
0.4008
1
0.5912
0.7971
0.4151
1
1
1
1
1
1
0.6226
1
0.8023
0.4115
1
0.5909
1
1
0.6064
1
0.6087
1
1
1
1
1
1
0.7905
1
0.7854
1
1
1
1
1
0.7894
0.6278
1
1
0.4082
1
1
0.6058
1
0.5758
1
1
1
0.6158
0.7943
1
1
0.4167
0.8261
1
1
0.6137
0.4054
1
0.8128
0.4783
0.4038
0.8179
1
1
1
1
1
1
1
0.401
1
1
0.7958
0.6571
0.5177
1
0.4036
0.3976
1
0.4858
0.417
1
0.5792
1
0.6541
1
1
0.7934
1
0.7865
0.4138
0.6214
1
1
0.7971
1
0.7781
1
1
1
0.5961
0.7606
1
0.4961
1
1
0.7931
0.6226
0.7975
1
0.7791
1
0.6238
1
1
0.8696
0.5875
0.8089
1
1
1
0.4162
1
0.5789
0.5758
1
0.4253
1
0.8119
1
0.5026
1
0.406
0.5828
0.8035
0.5975
1
1
1
1
0.4979
0.7805
1
0.6048
0.8176
1
0.4783
0.4226
1
1
0.6312
0.4171
1
0.429
0.4077
1
1
1
0.5035
1
1
1
1
1
0.3953
0.6292
0.7835
0.5828
0.6021
1
0.5179
1
0.8024
1
1
0.4045
0.4181
0.6091
0.5882
1
0.5945
1
0.8106
0.6151
0.4136
0.4052
1
1
1
0.3988
1
0.5881
1
1
0.5035
1
1
0.6085
0.7944
0.5782
0.8189
1
0.4209
1
0.5962
0.6129
1
0.4473
0.6039
0.7936
0.8132
1
0.5753
0.5806
1
1
0.3999
0.4318
1
1
1
0.6
1
0.4066
0.5993
1
0.4142
0.5221
0.7957
0.821
1
0.5915
0.3794
0.4199
0.8202
0.4153
0.7917
1
0.3755
0.8011
1
0.7883
1
0.6161
0.6207
0.4131
1
0.4
1
1
0.6006
0.6123
0.399
0.4277
1
1
1
0.5955
1
0.5117
1
1
0.5903
0.6072
1
0.7909
0.6053
1
1
0.4515
0.5829
1
1
0.5926
0.6304
0.5792
0.4218
1
0.5838
1
1
0.6147
0.4082
0.7925
1
0.8042
1
0.7904
1
0.606
1
0.5
1
1
1
1
1
0.4286
0.8209
0.4242
0.5916
1
1
0.5883
1
0.7857
0.7854
1
0.5894
1
0.6055
0.6792
0.5899
0.6376
1
0.4617
1
0.3939
0.4245
1
0.6608
1
1
0.5982
0.8106
1
0.5781
1
0.7955
0.7954
1
1
1
1
1
1
1
0.5817
1
0.7822
0.5506
0.594
0.5953
0.5929
1
0.6
0.8147
1
1
1
1
1
0.6265
0.5062
0.817
1
1
0.8421
0.7843
0.5105
0.8093
1
1
1
0.4051
1
0.6377
0.4132
0.5073
0.578
0.64
1
0.475
0.7912
1
0.554
0.4083
1
0.5902
1
1
1
0.562
0.6836
0.6962
0.3975
1
1
1
0.6209
1
0.8222
0.7957
1
0.3844
1
0.8141
0.4282
0.5734
1
1
0.6413
0.8239
0.2166
1
1
0.3986
0.3942
0.4055
0.4009
1
1
0.4098
0.4287
0.7933
0.7855
1
1
1
0.5822
1
0.6082
0.7857
1
0.5686
0.5918
1
0.8141
1
0.8047
0.5959
0.8266
0.5974
1
1
0.7943
1
0.6006
1
1
1
0.6018
1
1
1
0.3793
0.8257
0.8153
1
0.5948
1
1
0.8093
0.6557
1
0.7999
0.6007
1
0.6037
0.4139
1
0.7758
1
1
0.8071
1
0.5217
0.4101
0.7725
1
0.8043
0.5549
0.4027
0.7927
1
1
0.5918
0.6129
1
0.533
1
0.798
1
0.3956
0.4152
1
0.8064
0.5935
0.6
0.3931
1
1
1
1
1
0.6122
0.7959
1
0.595
0.8115
1
1
0.7973
0.5939
1
1
1
0.7945
0.8058
0.3898
1
1
0.8104
0.6383
1
1
1
1
1
1
1
0.5116
1
0.4117
1
1
1
0.7806
0.7756
1
0.6202
0.5795
1
1
1
1
0.3529
1
1
0.396
1
0.6251
1
1
0.4431
0.4195
0.5924
1
0.8796
0.7762
0.8043
1
1
0.8467
0.7851
1
1
1
0.4256
0.7782
1
0.4485
1
1
0.5869
0.3493
1
1
0.6073
0.3994
0.6289
1
1
0.6053
0.6113
0.417
0.595
0.6076
1
1
1
1
0.6113
1
0.4063
1
1
1
1
1
0.5639
1
0.6111
0.5758
1
1
1
0.5986
1
1
0.4233
0.4216
0.8142
0.5176
0.8055
0.5824
0.8142
1
1
0.7996
1
0.6267
1
1
1
0.5971
1
0.5751
0.463
0.605
0.8004
0.6124
1
0.571
0.6001
1
0.6047
1
1
1
0.4061
1
1
0.5752
0.6365
1
1
0.6202
0.7976
1
1
1
1
1
0.6017
1
0.8075
0.6421
1
0.4066
0.4129
1
1
0.8107
1
0.5901
0.6162
0.4004
0.6215
1
1
0.3934
0.429
0.4341
0.7935
0.3268
0.4102
0.5969
0.4092
1
1
1
0.7934
0.4377
1
0.4226
0.5841
1
0.6235
0.8409
1
0.7928
1
0.7943
0.608
0.4024
0.7919
0.5896
0.7957
1
0.5993
1
0.6148
0.7877
0.7916
0.4231
0.4054
1
0.7916
1
0.5857
0.5935
0.4087
0.6141
0.3987
0.7875
1
0.6117
0.4078
1
0.502
0.8038
1
0.5979
0.4236
0.8111
1
1
0.8214
1
1
1
0.7871
1
1
0.5988
0.4205
1
0.6245
1
1
1
1
0.7887
1
1
0.8052
0.7861
0.5749
1
0.6199
0.6471
1
0.2295
1
1
0.3972
0.6097
0.5922
0.5877
1
0.8769
1
0.5949
0.8096
1
1
0.7967
1
1
1
0.7908
1
0.4119
0.4016
1
0.6127
1
0.7908
1
0.4063
0.7927
0.3994
0.8024
1
1
0.5835
0.5905
1
0.8042
0.8027
1
1
0.5673
0.6031
0.597
1
1
1
1
0.6118
1
0.8228
0.5955
0.8008
0.7934
0.4175
0.8056
0.4137
1
0.6135
0.7927
0.6074
0.5632
0.8388
0.6106
0.818
0.7927
1
0.5806
1
1
0.5643
1
0.4023
0.4224
0.5886
0.5761
0.7444
0.5826
1
1
0.404
0.3987
0.8087
0.4274
0.6166
0.6053
0.5867
0.4153
0.3961
0.7897
1
0.6001
1
1
0.6075
1
0.4047
0.6099
1
0.7851
0.5887
0.8019
0.3962
0.601
0.7878
1
0.6102
0.587
0.7908
1
0.62
1
1
1
0.595
0.6138
0.5927
0.8029
1
0.7941
1
1
0.785
1
0.4214
1
1
0.5847
0.6274
1
0.8378
1
1
1
1
0.7889
1
1
1
0.8833
1
0.6156
0.4224
0.4168
1
1
0.7836
0.6277
0.5085
1
0.6079
0.8118
1
0.6154
0.5955
1
0.4202
1
1
0.7874
1
1
0.414
1
1
0.3935
0.7967
0.7002
0.4108
1
0.8106
0.5865
1
1
1
1
0.601
1
0.8205
0.7864
0.4149
1
1
1
0.7977
0.7876
0.5882
0.8119
1
0.5964
0.7931
1
0.5882
0.7413
1
0.8172
0.5852
0.5859
0.602
0.5941
1
1
0.7953
1
0.598
1
0.4152
0.7468
1
1
0.5745
1
0.6208
1
1
0.7967
0.4038
1
1
0.5943
0.3996
0.7889
0.5952
1
1
1
0.5261
0.5874
1
0.8041
0.4178
1
0.3728
1
0.7986
0.4096
0.8
0.4215
0.3992
1
0.5987
1
0.8101
0.7892
1
1
1
0.4078
1
0.7842
1
1
1
0.7976
0.7357
1
0.8025
0.5787
0.8426
1
1
0.6226
1
0.4949
1
1
1
0.595
1
0.7879
0.792
1
0.378
0.6102
1
0.8081
0.7922
1
1
0.4012
0.595
1
1
1
0.437
0.6186
1
0.4226
1
0.8129
0.403
0.5859
0.521
0.8315
1
1
1
1
0.5915
0.8307
1
0.3951
1
0.8173
0.5226
0.8383
0.7926
1
0.8239
0.5796
0.7937
0.8902
0.9129
0.8369
0.836
0.5138
0.9553
0.9578
0.4031
0.5877
1
0.5011
1
1
1
0.6059
0.7965
1
0.5929
1
0.7923
1
1
1
0.5896
0.7757
0.8048
0.578
0.3968
1
1
1
0.584
1
0.6019
0.5871
0.7877
0.8229
0.7881
1
0.5988
1
0.7872
0.4079
1
1
1
1
0.5943
0.5946
0.8006
1
1
1
1
0.5966
0.6267
0.3982
0.7972
0.6155
1
1
0.8098
0.4705
0.4096
0.7963
0.7953
1
0.6166
0.6006
0.7967
0.8381
0.603
0.8303
1
1
1
0.5421
0.7986
0.5766
0.8004
0.5789
0.488
0.8021
0.5869
0.6111
0.7947
0.8343
0.7921
0.6003
1
0.8975
0.4123
0.6111
1
1
1
0.8247
0.585
0.6293
0.7992
0.6004
0.8142
0.7819
0.6208
0.4326
0.6034
1
0.8067
1
1
0.6645
1
0.8135
0.6044
1
0.6063
1
1
1
1
1
1
0.6136
0.7976
1
0.9044
1
1
1
0.7781
0.7519
0.8069
1
1
1
0.4122
1
0.801
0.8271
0.4302
0.7907
1
1
0.6142
0.7887
1
1
1
1
0.8027
0.8386
0.4149
1
1
0.8173
0.4162
0.4565
1
0.7889
0.7637
0.5804
0.4127
1
0.7926
0.4184
1
0.5935
1
0.829
0.6029
1
1
1
0.6486
1
1
1
1
0.3996
0.805
1
0.6282
0.7964
1
0.6157
1
1
1
0.8045
0.6358
1
0.55
1
1
0.8065
1
1
1
1
0.7898
1
0.4099
0.8064
0.7829
1
1
0.5844
1
0.7975
0.8059
1
0.3886
1
1
1
0.8177
1
1
0.5832
0.8255
1
0.8101
1
0.6108
0.4891
1
1
0.7952
1
0.6582
1
0.4118
0.818
0.606
0.8313
1
0.5
0.8018
0.601
0.4128
0.7911
1
0.6002
1
0.4992
0.6631
0.6267
1
1
1
0.5826
0.7977
0.7947
0.8312
1
0.6196
1
0.5804
1
0.3964
1
1
1
0.799
1
1
0.619
1
0.7811
0.8314
0.819
1
0.41
1
0.6263
1
0.41
0.6098
0.4168
1
1
0.6007
0.5894
0.8026
1
0.8244
1
0.8371
1
1
0.6088
0.3429
0.6141
1
0.5901
1
0.6487
1
1
0.6008
0.8064
0.8236
0.6033
0.6098
1
0.6103
1
1
0.7994
1
1
1
0.7891
0.7958
0.8157
1
0.8179
1
0.8307
0.7977
1
0.7857
0.8111
0.8304
0.8125
1
1
0.3674
1
1
1
1
1
1
0.4891
1
0.4079
0.6464
0.6104
1
1
1
0.7973
0.6129
0.7915
0.8279
0.5824
0.4013
1
0.3981
1
1
1
0.4056
0.828
0.6222
0.7931
0.6205
1
0.6097
0.5829
0.6251
0.8241
1
1
0.8085
0.3842
1
1
0.7337
1
0.8219
0.4495
0.8033
0.599
1
1
1
1
1
1
0.422
1
0.6217
1
0.8284
0.8012
0.6116
0.8111
1
1
1
0.589
0.4259
0.787
0.5851
0.8224
0.5924
0.6503
1
1
1
1
1
0.6007
0.5957
0.61
0.6037
1
1
1
0.5798
1
1
1
1
1
1
1
1
1
0.6122
1
0.802
0.799
1
1
0.4047
1
0.5932
1
1
0.7936
0.6368
0.5687
0.8238
1
1
0.348
0.5775
1
1
0.8001
1
0.788
0.8327
1
1
1
1
1
1
1
0.6288
1
1
1
1
0.7974
0.8315
0.8063
1
1
1
1
1
1
0.8048
0.5937
1
0.4283
1
1
1
1
0.5984
0.7993
1
1
1
0.7852
0.8013
0.6096
1
1
0.3943
0.7868
0.8045
0.8062
0.798
0.8086
0.5888
0.6067
0.5299
0.8263
0.6159
0.8183
0.622
0.6113
1
0.7961
0.4112
1
0.802
0.6198
0.6124
1
0.8312
1
0.4242
1
0.6003
0.8155
1
1
1
0.4036
1
0.8057
1
0.6279
0.5993
0.5934
0.8112
1
0.6229
1
1
0.4049
0.4247
0.5789
1
1
1
0.6015
0.784
1
0.8115
0.8019
0.6359
0.5913
1
1
0.5067
0.4122
1
0.5016
1
0.5811
0.8067
1
0.418
0.7935
0.5296
0.4065
1
1
0.4124
1
1
0.7931
1
0.6204
0.4833
1
1
0.8008
1
0.797
1
0.7982
1
0.8035
1
0.6021
0.806
0.7854
0.7998
1
0.5947
0.642
1
0.5947
0.6018
0.7574
1
1
0.804
1
1
1
0.6159
0.7921
0.8094
1
1
0.627
0.6904
1
1
0.8124
0.6111
0.8038
1
0.4983
1
1
0.79
0.8121
1
0.4035
0.6152
1
1
1
0.8102
1
1
0.4028
0.5972
1
1
1
0.8289
0.8016
0.7888
1
1
1
0.7924
0.8163
1
0.8262
0.8111
1
0.4176
1
1
1
0.819
0.6961
0.4829
1
1
0.7935
1
0.8226
1
0.7537
0.5838
0.4111
1
0.8214
0.6142
0.6235
0.7927
0.8145
0.6114
0.7862
1
0.7838
0.7887
0.5853
1
0.7876
1
1
0.7318
0.6082
0.8082
1
1
1
1
0.8232
0.4113
1
1
0.4303
1
0.661
1
0.4104
0.5877
0.5457
1
0.8328
0.6073
1
1
0.8241
0.7947
1
1
0.7889
0.586
1
1
1
0.7902
0.8323
1
0.7864
1
0.5442
0.8005
0.6471
1
0.8043
0.6073
1
0.7917
1
0.4207
1
0.6375
0.8183
0.6352
0.7879
0.5326
1
1
0.6157
0.8083
0.582
1
1
0.8287
1
1
0.5944
0.8026
1
0.4043
1
1
0.8146
0.7835
1
0.605
1
1
1
1
0.61
0.8376
1
0.7865
1
1
1
1
0.6001
1
0.5048
1
0.4127
0.4076
1
1
0.575
0.8162
1
1
0.3979
1
1
1
1
1
1
1
1
0.7914
1
1
1
0.6113
0.6237
0.7906
1
1
0.6204
0.6175
1
0.5907
0.8217
1
0.8151
0.4047
0.8298
1
1
1
1
1
0.6108
1
1
0.5888
0.4054
0.7959
0.6012
1
0.8242
0.7673
0.4282
1
0.8189
0.7989
0.7922
0.601
1
1
0.623
1
1
0.611
0.7028
0.8108
0.4007
0.7833
1
1
1
0.5594
0.7979
0.5988
0.6076
1
0.6078
0.8065
1
1
0.633
1
1
1
1
1
1
0.6131
0.603
0.8013
0.8005
0.8261
1
1
0.6103
1
1
1
0.4661
1
0.6222
1
0.8276
1
1
0.4274
1
0.5975
1
1
0.8273
1
0.7984
0.8021
0.3981
1
0.8294
1
0.4152
1
0.7964
0.6311
0.4108
1
1
1
0.5992
1
1
0.6002
1
1
0.5976
1
1
1
0.8172
0.8069
1
1
0.3991
0.6216
1
1
0.4175
1
1
0.6127
0.8029
0.4128
1
0.7868
1
0.6076
0.8264
0.551
0.8252
0.6067
1
1
0.7929
0.8276
0.4018
1
1
0.4228
1
1
0.5713
0.8042
0.6025
0.6304
0.8094
0.8091
1
0.8076
1
0.8272
1
1
0.7421
1
1
0.8344
0.7419
0.7975
0.588
0.683
0.3984
0.8607
0.5712
1
1
0.8013
0.8279
1
0.9124
1
0.8206
1
1
0.391
1
1
0.7975
0.5088
1
0.812
0.8125
0.8108
0.5962
1
1
1
0.6709
0.7976
1
0.6087
1
1
0.6566
1
1
1
0.4011
0.7864
1
0.4347
0.4151
1
0.5891
0.6123
0.6272
1
0.838
1
0.8183
0.5752
0.8074
0.8354
0.7716
1
0.6076
0.4169
1
0.7872
0.7994
1
1
0.4098
1
1
0.8062
1
1
0.6055
1
1
1
1
0.8106
0.7074
0.8058
0.5806
1
0.6159
0.4165
0.8089
0.6025
1
1
0.7835
1
1
1
0.8083
0.6214
0.5934
1
0.726
0.7965
1
1
1
1
1
1
0.8453
1
0.8255
1
1
0.8069
0.3917
0.6055
0.6233
0.8186
0.5877
0.8242
1
0.8009
1
1
1
1
1
1
1
1
0.8486
0.4054
0.7527
1
0.5967
0.4293
1
0.3883
0.7854
0.8321
0.416
0.8
0.7982
0.6218
0.4108
0.7887
0.8041
1
1
1
0.6032
0.7974
0.8042
1
1
0.6266
0.8353
1
1
0.8094
0.7881
0.8005
1
1
1
0.5914
0.6
0.4243
0.8072
0.7541
1
1
0.8253
1
1
0.7886
0.7809
0.6146
0.6238
1
1
0.8028
0.6087
0.5822
1
1
0.6165
1
0.7919
1
0.7944
1
0.5946
1
1
1
0.7863
0.5847
0.7872
0.5915
0.4388
1
1
1
0.7998
1
1
0.7976
1
1
1
0.7966
1
0.5584
1
1
1
0.7911
1
0.828
0.6092
1
1
1
0.7378
0.8164
1
0.6352
1
1
1
1
1
0.5947
1
1
1
0.7978
1
1
1
1
0.3933
1
0.5891
0.7867
0.6207
0.4042
1
1
1
0.608
1
1
0.4108
0.8027
1
1
1
1
0.5905
1
1
1
0.7903
1
0.6484
1
1
0.5642
1
0.4123
1
1
0.7828
0.6035
1
0.5385
0.612
0.8132
0.6012
0.4007
1
0.7958
0.4188
0.6178
1
0.826
0.7841
0.7842
1
1
1
0.6552
1
1
1
1
1
0.4196
0.3952
1
1
0.4857
0.614
0.4037
0.5869
1
0.8007
1
0.595
0.7947
0.4395
0.5971
0.8065
0.7987
1
0.8374
1
0.5974
0.8393
0.5275
0.7983
0.4208
1
1
1
0.8021
0.7906
1
0.8193
1
1
0.4066
1
1
0.7924
0.8336
0.5056
1
1
0.5903
0.8001
1
0.587
0.8281
0.6401
1
1
0.7674
1
1
0.6093
0.7877
1
1
0.787
0.7975
1
1
0.5116
1
1
1
0.8073
1
0.7803
1
1
1
1
0.6134
0.5887
0.7693
1
1
0.4106
0.8254
0.4304
1
0.6009
0.4084
1
0.7906
0.8047
0.8355
0.8157
1
1
1
1
0.5319
0.7809
0.6179
0.6053
0.8299
0.8276
0.8
1
0.5828
1
1
0.3891
1
1
1
0.5996
1
0.3933
0.6245
1
1
0.8298
0.8331
1
1
1
1
1
1
1
1
0.6761
0.5918
0.6058
0.6125
0.6032
1
1
1
1
1
1
0.8098
1
0.7419
1
1
1
1
1
0.598
0.6156
1
1
1
1
0.6173
0.7926
1
0.5949
0.409
1
0.5887
0.8072
1
0.7934
0.8102
1
1
1
1
0.8156
1
1
1
1
1
0.784
1
1
1
0.6302
0.8023
1
0.6188
1
0.8036
1
0.6291
1
1
0.4169
0.636
0.812
0.7485
0.7854
1
0.6207
0.5998
1
1
1
1
1
0.6052
1
1
1
0.6062
0.4337
0.4808
0.403
0.8021
0.5905
0.8162
1
0.5937
1
0.7967
1
0.5763
0.3984
1
0.7949
0.8324
0.8227
0.6471
0.3959
0.4154
0.5732
0.8336
1
1
1
1
1
0.7705
1
0.609
0.6
1
0.7973
1
0.5131
0.5857
1
0.4055
1
1
0.8203
0.8115
1
0.7978
0.8139
0.8132
0.4106
1
1
1
1
0.8062
1
1
0.4902
1
0.8326
0.6172
1
0.5935
0.8166
1
1
1
1
1
0.7495
0.7824
1
0.7915
1
1
1
1
0.5833
1
1
1
1
0.7984
0.793
0.4768
1
1
1
1
1
0.7868
0.7846
0.8263
1
0.8007
1
1
0.8241
0.8344
1
0.8057
1
1
0.4195
0.4037
0.6186
0.5697
0.4181
1
1
1
0.652
0.8171
0.8171
0.7034
0.4174
1
1
1
1
1
1
0.6069
0.5238
1
0.8224
0.8208
0.5233
1
0.8591
1
1
1
0.7296
0.8019
0.8249
1
0.4098
0.753
1
1
1
1
1
1
0.4176
0.4167
0.8103
0.7996
0.6053
0.3955
0.7979
0.8237
1
0.4249
1
1
0.8401
0.8005
1
0.5515
1
1
1
0.8158
1
1
0.6011
1
0.4387
1
1
1
1
1
0.5882
0.7939
0.7932
1
1
1
0.5548
0.8083
0.4396
0.602
0.822
0.7925
0.6149
1
1
1
0.7972
0.6478
0.8159
0.6053
1
0.8103
0.5696
0.4054
0.7916
0.61
1
1
1
1
0.7417
0.4072
0.8339
0.4008
0.829
1
0.8183
0.8308
0.8142
0.5881
0.6078
1
1
1
0.5989
1
1
1
1
1
0.3765
1
0.3981
0.4297
0.8444
0.6406
0.5942
1
0.6321
0.6047
0.7959
0.6157
1
1
0.8286
1
1
1
0.8173
1
0.5867
1
1
1
1
1
0.7911
0.5996
0.7896
1
0.7942
0.56
1
1
1
0.806
0.4283
0.5333
0.4246
0.4924
1
0.6961
1
1
0.8112
0.6116
1
0.7973
0.4068
0.7627
0.7933
1
0.5997
1
1
0.6332
1
0.8069
0.7839
0.7895
0.405
1
1
1
1
1
0.7442
0.6136
1
1
0.2263
1
1
1
1
0.793
0.7977
0.4262
0.6157
1
1
0.5973
0.744
0.5097
1
0.5316
0.6222
0.5844
1
0.6699
0.6872
1
1
1
0.6079
0.811
0.6167
0.8366
1
0.7977
1
1
1
0.6159
0.6043
0.8219
1
1
0.7773
1
1
0.5823
0.578
1
1
1
1
1
1
0.5936
1
1
0.8185
1
1
0.6008
0.5696
1
0.8054
0.7999
0.6063
1
0.8549
0.7878
0.8281
0.8804
1
0.6258
1
0.4225
1
1
0.7917
0.817
0.8334
0.5992
1
0.3278
1
1
1
1
0.565
0.8142
1
1
1
1
0.7159
1
1
1
0.8367
1
0.6282
0.4064
1
0.8085
0.6304
1
0.6269
0.808
1
1
1
0.6194
0.4333
1
1
0.394
0.8039
1
0.8179
0.8006
0.5952
0.8085
1
1
1
0.5716
0.794
1
1
1
0.8012
1
1
1
0.4182
0.8255
0.4201
1
1
1
1
0.8068
1
1
0.5932
0.7839
1
1
1
1
0.5895
0.8026
0.6097
0.4249
1
0.7977
1
1
0.8388
1
1
0.8048
0.81
0.81
0.7918
1
1
0.6235
1
0.4314
1
1
0.6
0.6235
0.4047
1
0.6113
1
1
1
1
1
0.8241
0.8178
0.8
0.7763
1
1
1
1
1
1
1
0.6557
0.6276
0.7635
1
0.8304
0.417
1
1
1
0.8615
0.5969
0.6137
1
1
1
1
1
1
0.4266
1
1
0.783
1
0.6219
0.798
1
0.3638
1
1
1
1
1
1
0.8267
0.6176
0.8012
0.6014
1
1
1
1
0.6153
0.4025
0.6205
1
0.4043
0.6013
0.7926
1
0.5993
1
0.7812
1
0.5035
0.7962
0.7895
0.809
0.8122
1
0.7899
1
1
0.405
1
0.7924
0.6305
1
1
0.5933
1
0.7928
1
1
0.8343
0.8358
0.5716
0.6349
1
0.8034
1
1
0.6124
0.5783
1
1
0.6
0.8278
1
1
0.796
1
1
0.7948
1
0.5716
0.8214
0.5842
0.602
0.6179
0.783
1
0.8188
1
0.8317
1
1
0.5953
1
0.8093
1
0.6008
0.5899
0.7972
0.8075
0.8041
0.3849
1
0.4038
0.785
0.6071
1
1
1
0.532
1
1
0.3954
0.8264
0.7358
1
0.7994
1
1
1
0.5853
1
1
0.887
1
1
1
0.9413
1
0.8912
1
1
1
0.8776
0.9584
1
0.9672
1
0.9671
0.692
1
1
0.9302
0.9647
1
0.9298
0.9185
0.7306
1
1
0.8273
1
0.8298
0.8299
1
1
0.5099
0.5632
0.4145
0.4895
0.8406
0.61
0.6099
0.4048
0.4783
1
0.5855
0.7865
0.6054
0.829
1
1
1
0.7823
1
0.6196
0.7931
0.8033
0.8288
0.5876
1
1
0.7949
1
1
0.4272
1
1
1
1
1
1
1
0.396
0.649
0.618
0.3986
1
1
1
0.6008
0.8291
1
1
0.4373
1
1
0.5997
1
1
1
1
1
1
0.7885
0.8099
0.7818
1
1
0.7893
0.5709
1
1
0.4189
0.6245
0.4873
0.8124
0.8277
0.7963
0.7642
1
1
0.3873
0.5213
0.4912
0.8112
0.4216
1
1
0.5728
1
0.7874
0.7666
0.5946
0.804
1
0.8164
1
0.4265
1
0.4174
0.5913
0.6013
1
1
1
1
1
0.7969
1
1
0.4114
0.5665
0.7997
1
0.6332
0.7891
0.786
0.5841
0.5387
1
0.2882
0.8141
1
0.8058
0.8027
0.4296
0.5974
0.4126
0.4099
0.8021
1
0.4116
0.4189
0.6461
0.6141
1
0.8183
1
0.5808
1
0.4079
0.3933
1
1
0.7967
0.5976
1
0.8156
1
0.7972
1
1
0.8057
1
0.8256
1
0.3954
0.8118
1
1
1
0.7904
1
1
0.3954
1
0.5755
0.612
1
1
1
0.6065
0.5961
0.5777
0.4037
0.7886
1
1
1
0.2647
0.8037
0.6058
0.6046
0.6608
1
0.61
0.7885
0.3964
1
0.6324
1
0.5815
0.6587
0.6135
0.4318
0.4239
1
1
0.7419
1
0.4235
1
1
1
0.8229
0.8293
0.8324
1
1
0.3903
1
1
0.3867
1
0.5789
1
0.4209
1
1
1
1
1
1
0.7966
1
0.7327
1
0.7921
1
1
1
1
1
1
0.7982
0.8281
0.5948
1
1
1
1
0.798
0.798
0.5887
1
1
1
1
1
1
1
0.6169
0.5047
0.7902
1
1
1
0.5868
1
1
1
1
1
0.6004
0.5869
0.6059
1
1
1
0.817
1
1
1
1
1
0.8064
1
1
0.4106
0.8412
0.8263
1
1
1
0.4097
0.7902
0.6009
0.8181
1
1
0.5818
0.7921
0.8049
1
0.608
1
0.8103
0.7992
0.5909
0.3642
1
0.3723
1
0.8368
1
0.5839
1
1
0.6246
0.6017
0.5869
1
0.6078
0.7978
1
1
1
1
0.5977
0.3988
1
1
1
1
1
1
0.5968
1
0.608
0.7854
1
1
1
1
1
1
1
1
0.7809
0.6172
1
1
1
1
1
1
0.8323
1
0.7876
0.7545
1
1
0.404
0.808
0.796
1
1
1
0.7861
0.7877
1
1
1
0.4975
1
0.8179
0.7995
0.7978
0.8172
0.8416
1
0.5
1
0.7885
0.4236
0.641
0.7819
1
0.5809
0.3968
0.7986
1
1
1
0.567
1
1
0.5859
1
0.3803
0.6222
1
0.6063
1
1
1
0.6034
0.6047
0.7863
0.8091
0.7941
0.3788
0.6009
0.7958
1
0.7878
1
0.8261
1
0.8025
0.7943
0.5949
1
0.569
0.5909
1
0.8026
1
1
0.818
1
0.5831
1
1
1
1
0.5977
0.8104
0.607
1
0.6057
0.5983
1
0.3772
1
1
0.6172
1
0.6503
0.4059
1
0.6172
0.8067
1
1
0.4191
1
0.5918
0.7839
0.6312
1
0.8014
1
1
1
1
1
1
0.8428
1
0.593
0.5996
1
1
1
1
1
1
1
0.5882
1
1
1
0.7893
1
1
1
1
0.7969
0.5969
0.5914
1
1
1
1
1
1
0.5504
0.8416
0.6021
0.6119
0.5875
0.3982
1
1
0.8464
0.7456
1
0.589
1
0.6154
1
1
1
0.7933
0.7919
1
0.6136
1
0.8079
1
0.6182
1
0.7868
1
0.6284
1
1
0.8163
1
1
0.5932
1
1
0.5933
1
1
1
1
0.8178
1
0.3828
0.5818
0.2773
0.8343
0.4807
0.6291
1
0.792
1
1
0.8121
0.4103
0.4057
0.72
0.7777
1
0.5146
0.4094
1
1
1
1
1
1
1
1
0.7829
0.7674
1
1
1
0.7973
1
0.592
1
1
0.437
0.5084
0.7886
0.8397
1
0.5882
0.6941
1
1
0.5924
0.4102
1
1
0.6102
0.7855
1
1
1
1
1
1
0.7482
1
1
1
0.401
1
1
1
0.613
1
0.2312
0.5805
1
0.8141
1
1
1
1
0.7898
0.5914
1
0.787
1
1
0.8156
0.7872
0.8296
1
0.7656
1
0.2232
1
0.5627
1
0.7917
0.8162
1
0.6021
0.7891
1
1
1
0.616
0.7945
1
0.3945
0.7883
1
1
1
0.6158
1
1
1
1
0.6079
1
0.4178
0.7867
1
1
0.8067
0.4986
0.5874
0.8069
1
1
1
0.5219
0.4251
0.5987
1
1
0.809
0.5908
0.8062
0.8264
0.5829
1
1
1
0.6166
1
1
0.4116
0.6031
1
1
1
1
1
0.6024
1
1
0.756
0.3986
1
1
0.7732
0.7946
1
1
0.6126
1
0.8212
1
0.7965
0.7991
0.7907
1
0.802
0.657
1
1
1
0.5622
1
1
0.6237
1
0.4117
1
1
1
1
1
0.5902
1
1
0.5458
0.7963
1
1
1
0.6081
1
1
1
1
1
0.7937
1
0.3951
1
1
0.8188
1
0.8401
0.7889
0.7982
1
1
0.8009
1
1
0.5056
1
0.5897
1
1
1
1
1
1
0.8
0.5966
1
1
1
1
1
0.4094
1
1
0.6145
1
0.8176
1
1
0.6156
0.8187
0.8039
1
1
1
0.8079
0.7464
0.4055
1
1
1
0.7935
0.6035
0.8485
1
0.5845
0.7939
0.8186
1
1
1
1
0.6209
1
1
1
0.455
1
1
1
0.6048
1
0.6188
1
1
1
0.7842
1
1
0.8208
1
0.4815
1
0.7891
0.8082
0.4092
1
0.8024
0.6274
0.5718
0.5878
0.8006
1
1
0.5698
0.7937
1
1
0.6253
1
0.6195
1
0.8421
1
1
1
0.7929
1
0.6503
0.8146
1
1
0.4003
0.5927
1
0.8205
1
1
0.5953
1
1
1
0.7866
1
0.7892
0.5453
1
1
0.7959
0.7909
1
1
1
1
1
1
1
0.5984
0.6364
1
1
0.794
0.6198
1
1
0.6638
0.3848
0.7996
1
0.5806
1
1
0.4042
1
1
1
1
0.4197
1
0.8021
1
0.815
0.809
1
0.7983
1
1
1
0.6215
1
1
0.5831
1
1
1
1
0.7986
0.5994
1
1
0.5645
0.7468
0.6307
1
1
0.7823
1
0.6255
1
1
0.6084
1
0.8056
0.811
0.6069
1
0.6373
1
1
0.7888
1
0.605
1
0.7968
1
1
0.6177
0.7287
1
1
0.8263
1
1
0.6094
1
0.5935
1
1
0.8027
1
0.614
1
0.8454
0.4352
1
1
0.8185
1
1
1
1
0.426
1
1
0.6302
0.605
0.7871
1
1
1
0.7948
0.4202
1
0.7922
1
0.7832
1
0.6313
1
0.8024
0.5012
1
0.8033
0.5875
0.6398
1
1
0.5877
1
1
1
1
0.5973
1
1
1
1
0.6157
0.5691
0.7945
1
1
1
1
0.591
1
0.5274
1
0.7872
0.8182
1
0.7883
1
1
0.7904
0.7818
0.5154
1
1
0.5955
1
0.829
1
0.5248
1
1
0.8191
1
0.7946
1
0.5006
1
1
1
1
1
1
1
0.7467
1
1
1
0.8224
1
1
1
1
1
1
1
0.6086
0.6044
0.7804
1
1
0.8329
1
0.8148
0.6047
1
1
0.4081
0.4166
1
1
1
0.8078
1
1
0.7896
0.6245
1
1
1
1
1
1
1
1
0.3924
0.7337
0.5729
1
1
1
1
1
1
1
0.8133
0.7892
0.8036
0.7409
1
1
1
1
0.8453
1
1
1
1
0.4065
1
1
1
0.5781
0.6138
1
0.602
0.6236
1
1
0.7627
0.601
0.7936
1
0.8036
0.7864
0.408
1
1
0.8192
0.4045
1
0.6298
0.7854
0.5813
0.8008
1
0.6725
1
1
1
0.525
1
0.7902
0.7882
0.8005
1
1
0.4031
0.8216
0.6189
1
1
1
0.5541
0.8176
1
0.7907
0.6085
0.749
1
0.4198
0.7841
0.7977
1
0.6034
0.5792
0.7931
0.7891
1
0.8215
0.5804
1
1
1
1
1
1
0.7958
1
0.6016
1
1
1
0.412
0.6102
1
1
1
1
0.8127
1
0.7997
1
0.5656
0.7386
1
1
0.4006
1
0.4042
0.5767
0.8224
0.7851
1
1
0.3263
0.7996
1
0.7874
1
1
0.6693
1
1
1
0.7929
1
0.8024
0.7889
1
1
0.3989
0.5486
0.7972
1
0.8437
1
0.7886
0.5811
0.6308
0.8087
1
1
0.409
1
0.8229
1
0.5918
0.6044
1
0.5892
1
0.6281
1
0.7984
1
1
1
1
1
0.4063
0.8109
1
1
1
1
1
0.5938
1
0.5916
0.8088
0.44
1
1
1
1
1
0.4957
0.6274
0.7976
0.4091
1
1
1
0.8099
0.6232
1
0.8468
0.7874
0.7833
1
1
1
1
0.6131
1
1
0.799
0.519
1
1
0.6067
1
0.3991
1
1
0.4108
0.6164
0.5587
1
1
0.6238
0.8412
0.5979
1
1
0.7814
0.7878
1
1
0.6095
1
1
0.7936
0.8414
1
0.6117
1
1
1
1
1
0.8013
1
0.5751
1
1
1
1
0.5978
0.5923
0.8261
1
0.6054
0.5854
1
0.5981
1
1
1
1
0.5795
1
1
0.802
1
0.6113
0.8313
0.4247
0.4951
1
0.4121
1
1
0.5348
1
1
0.8187
0.6648
1
1
0.8152
0.4195
0.5718
0.809
1
0.6223
1
0.8036
0.5844
1
1
1
1
0.8366
1
0.3987
0.7917
1
1
1
1
1
0.6163
1
1
1
1
0.792
1
1
1
1
1
0.6298
1
0.8313
1
1
0.8133
1
1
1
1
1
0.5865
1
0.4215
0.7887
1
1
1
1
0.6323
1
0.6114
1
1
1
0.4087
1
1
0.5706
1
1
1
1
1
0.7928
1
0.7535
1
1
0.6847
0.4195
1
0.7848
1
1
1
1
1
1
0.5878
1
0.6101
1
0.8256
0.5691
1
0.3724
0.3865
1
1
1
0.5859
1
1
0.6024
1
1
1
0.7815
1
1
0.4136
1
1
0.8198
1
1
0.778
1
0.5927
1
1
1
0.5909
1
0.5919
0.8133
1
1
1
1
1
1
1
0.7983
1
1
0.8052
0.402
1
1
1
0.3909
1
1
1
1
0.5782
0.564
1
0.7779
0.7831
0.6042
0.6207
1
0.6163
0.6113
1
0.8055
1
1
1
0.7834
1
1
1
1
1
1
1
1
0.8349
0.4414
1
1
1
1
1
1
1
0.8412
1
1
1
0.4359
1
1
0.5931
1
1
1
0.5929
0.3983
1
1
1
0.8467
0.7965
0.4257
0.7974
1
1
1
0.5952
0.6127
0.8277
1
0.7839
0.4137
1
1
0.386
1
1
1
1
1
0.8159
1
0.8267
1
0.6084
1
1
1
0.6268
1
1
1
0.7902
1
0.7979
1
0.671
0.583
0.7859
1
0.59
1
1
0.6536
1
1
0.5932
1
1
0.7913
0.8307
0.4195
0.7887
1
1
1
0.5852
1
1
1
1
0.6214
0.584
0.4175
0.4295
0.8041
1
1
0.7907
1
0.8308
0.8113
1
1
1
0.3695
1
1
0.7975
1
1
0.6184
0.3904
1
1
0.7439
1
0.8171
1
0.4092
0.7982
1
1
0.8243
0.8061
0.5918
1
0.8239
1
0.5046
0.4997
1
0.8002
1
1
0.4049
1
1
1
1
1
1
0.7879
0.7299
1
0.5826
1
1
1
1
1
0.8152
1
0.7904
1
1
1
1
0.4143
0.7893
1
1
1
1
0.4077
1
1
0.7929
0.7775
1
1
1
1
1
0.5981
0.8155
0.6568
0.4375
1
0.7891
1
0.7879
0.8462
0.5707
1
1
1
0.3831
1
1
0.8354
0.7963
0.8063
0.6056
1
1
1
1
1
0.5888
0.575
0.7987
1
0.5921
0.3861
0.7984
0.6044
1
1
0.5873
1
0.5722
1
1
0.6147
0.7897
1
1
0.6149
0.792
0.4007
1
1
1
1
1
0.8115
1
1
1
1
0.8083
1
0.8236
1
1
1
1
0.4007
1
0.8235
1
1
1
0.8022
1
1
0.5812
1
1
1
1
1
0.6098
0.8
0.5871
1
0.4093
1
0.5886
1
0.8189
1
0.558
1
0.4466
0.8183
0.6075
1
0.4869
0.6265
1
1
0.608
0.585
0.8007
1
1
0.6056
1
1
0.8125
1
1
0.8167
0.8073
1
0.8373
1
1
0.7977
1
0.6116
0.8306
1
1
1
1
1
1
0.6305
1
1
0.4215
1
0.604
0.5081
0.6037
1
1
0.5742
0.8525
0.6257
0.4108
1
0.7963
0.5389
0.5964
1
0.6057
0.6064
1
0.8068
0.7957
1
1
0.7958
0.8642
1
0.5878
0.3969
0.7852
0.9018
1
1
1
1
1
0.6041
0.6376
0.7006
0.8417
1
1
1
0.7872
0.5922
0.6447
0.8121
0.6112
0.6554
0.7984
1
1
1
1
0.8063
0.6183
1
1
0.7344
0.8008
0.6455
0.8018
1
1
1
1
0.4133
0.7841
1
1
1
1
0.5775
0.6184
0.4001
1
0.8372
1
1
0.7837
0.5952
1
0.8464
1
0.6069
0.8181
0.8046
0.8187
0.3799
1
0.382
1
1
0.7889
1
1
1
1
0.5341
1
0.392
0.5885
1
1
1
1
0.5524
0.8276
1
0.4051
0.783
0.7862
0.8272
0.7988
0.5853
1
0.5038
1
0.6413
0.799
1
1
1
0.8642
0.6197
1
1
1
1
1
1
1
0.6285
1
1
1
0.5996
1
0.6151
1
0.5974
1
1
0.7979
0.7931
0.6039
1
0.6172
1
1
0.8084
1
1
1
1
0.8199
0.5949
1
1
1
0.5899
1
0.5064
1
0.794
1
1
0.7922
1
1
0.5976
1
0.5766
0.214
0.5807
1
1
1
1
1
0.808
0.4347
0.848
1
0.7984
1
0.7893
0.3934
1
0.7946
1
0.5972
0.8339
1
1
1
1
0.8353
1
1
1
0.769
0.8047
1
0.8446
1
1
1
0.7856
1
0.5922
1
1
0.6136
1
1
0.6342
1
0.6092
1
0.7797
1
1
1
1
1
1
1
1
1
1
0.3835
1
0.4013
1
1
1
0.8067
0.7921
1
0.8325
1
1
1
0.7856
0.5009
1
0.7903
1
1
0.8481
0.574
1
1
0.5894
1
0.6111
1
1
1
1
1
0.7822
1
1
1
1
1
1
0.7578
0.7984
0.6097
0.5783
1
1
0.7992
1
1
0.8018
1
1
1
0.7914
0.5933
1
1
1
0.4112
0.7898
1
1
1
1
1
0.8068
1
0.6288
1
0.803
1
1
0.5771
0.5549
0.5856
1
1
1
1
0.4208
1
0.5835
0.6024
1
1
0.7335
1
0.5946
1
1
1
0.7886
1
1
0.7589
0.8312
1
1
1
0.3844
1
0.8064
0.5906
0.8203
1
0.7988
0.5644
1
1
1
1
1
0.794
0.6002
1
0.598
1
0.6406
0.62
0.5752
1
0.7066
0.395
1
1
0.8239
1
1
0.6165
1
1
1
1
1
1
1
0.7855
0.6031
0.7979
0.5955
1
0.5887
0.7906
1
1
0.8325
0.7919
1
1
1
1
0.7896
1
1
1
0.8422
0.5939
1
1
0.5597
1
1
0.8143
1
0.4982
1
1
1
0.6071
0.6227
1
1
0.8291
1
1
1
1
1
1
1
0.5782
1
0.6251
1
1
1
1
1
1
1
0.7804
0.8022
0.7999
1
1
1
1
1
1
0.8227
0.8037
1
1
1
1
0.7719
1
0.8111
0.6143
0.832
1
0.8006
1
1
0.3969
0.8004
1
1
1
0.4036
1
1
0.8095
0.3793
0.8218
1
1
1
1
0.5952
1
0.3965
1
1
0.837
0.8132
1
1
1
1
1
1
1
0.8191
1
1
1
0.8554
0.6527
1
0.8132
1
0.7824
0.7934
0.8003
1
0.5942
1
1
0.762
1
1
1
0.7795
0.7964
1
0.6093
1
0.7792
1
1
0.4326
1
1
0.5623
1
1
0.7931
0.8153
1
0.8229
0.7841
0.581
1
1
1
1
0.8219
0.6769
1
1
1
0.745
0.8041
0.5585
0.602
0.8
0.8052
0.7701
0.3996
0.3989
1
0.5687
1
1
0.4047
1
0.8044
0.7867
1
1
1
0.6186
0.7849
1
0.6089
1
0.6049
1
0.8139
0.8264
1
0.58
0.3889
0.7863
0.6957
1
0.6101
1
0.557
1
0.8387
1
1
1
1
0.6964
0.7792
0.7952
1
1
1
0.5839
0.5878
1
0.8068
0.801
1
1
0.5885
0.8117
1
0.5101
0.7973
1
1
1
1
0.6218
1
0.8009
1
1
0.7865
0.7836
1
0.5907
0.5774
1
1
0.6272
1
1
1
0.8604
1
1
1
1
1
1
1
1
0.8093
1
1
1
0.5963
0.8085
0.8436
0.8105
1
0.8025
1
1
1
1
1
